MAPE: 0.1978814520528578
MSE: 5948084927.678731
